\ENCODING=ISO-8859-1
\Problem name: IloCplex

Minimize
 obj1: Y_1 + Y_2 + Y_3 + Y_4 + Y_5 + Y_6 + Y_7 + Y_8 + Y_9 + Y_10 + Y_11 + Y_12
       + Y_13
Subject To
 c1:  Y_1 + Y_2 + Y_4 + Y_7 + Y_10 - X_1 - X_3 - X_5 - X_9 - X_14 - X_20 >= 0
 c2:  3 Y_6 + Y_7 + 2 Y_9 - X_6 - X_10 - X_15 >= 0
 c3:  Y_7 + 6 Y_8 + 2 Y_9 - X_11 >= 0
 c4:  Y_2 + 5 Y_3 + 2 Y_4 + Y_5 + Y_9 - X_4 - X_7 - X_12 - X_16 >= 0
 c5:  Y_1 + 3 Y_5 + Y_6 + Y_10 + 3 Y_11 + 3 Y_12 + 3 Y_13 - X_2 - X_8 - X_13
      - X_17 - X_18 - X_19 >= 0
 c6:  2 X_1 + X_3 + 2 X_5 + 2 X_9 + 2 X_14 >= 3
 c7:  X_3 + X_9 + 4 X_10 + 2 X_15 + 3 X_2 + 4 X_13 + 2.00000000000001 X_19 >= 4
 c8:  X_15 + 6 X_11 + 4 X_4 + 6 X_12 + 4 X_16 >= 4
 c9:  2 X_3 + X_5 + X_14 + 5 X_6 + 2 X_15 + X_4 + 5 X_7 + 2 X_16 + 5 X_8
      + 5 X_17 + 1.99999999999999 X_19 >= 3
 c10: 3 X_1 + X_14 + 12 X_20 + 3 X_2 + X_17 + 12 X_18 + 2 X_19 >= 6
Bounds
      Y_1 = 1
      Y_2 = 1
      Y_3 = 1
      Y_4 = 1
      Y_5 = 1
      Y_7 = 1
      Y_11 = 0
      Y_12 = 0
      X_1 = 1
      X_3 = 1
      X_5 = 1
      X_14 = 1
      X_20 = 1
      X_11 = 0
      X_4 = 1
      X_7 = 1
      X_12 = 0
      X_16 = 1
      X_2 = 1
      X_17 = 1
      X_18 = 3
End
